,Simpson indice,Gradient,Gio mean,G,N
0,0.6006349540958574,7.97846833301291,0.0557757545324887,0.455,0.022
1,0.5195024368632541,7.991407641752845,0.0578784903737615,0.455,0.028
2,0.5574716506737611,7.250768829079279,0.0536409507974702,0.455,0.03
3,0.5870707544502616,6.113119118176463,0.0494290232484894,0.455,0.032
4,0.631144465448332,5.3251449364318,0.0561615333379817,0.455,0.036
5,0.6426659543348463,4.747104363855244,0.0537487360435292,0.455,0.038
6,0.6533109673315898,4.261541006539825,0.060434383062124,0.455,0.04
7,0.6592423341605771,3.774672350435485,0.0565957695258781,0.455,0.042
8,0.6709540620755601,3.735549965463622,0.0542296438616158,0.455,0.046
9,0.6826114727478798,3.545097492847454,0.0513479884902642,0.455,0.052
10,0.6922587990593596,3.301356272495437,0.0521993936745368,0.455,0.058
11,0.6430242078758237,7.165825379207781,0.0738950481226405,0.45,0.02
12,0.5980491721248319,7.734124339930599,0.0591417292142341,0.45,0.022
13,0.5497876649985822,8.868614002192277,0.057142811661104,0.45,0.024
14,0.5056219779089146,8.305249691040459,0.0597552110448257,0.45,0.026
15,0.5186291490347475,8.071879368317918,0.0571193026830874,0.45,0.028
16,0.5547240255970907,7.269363116713263,0.050942266758382,0.45,0.03
17,0.5879435577413519,6.390851373304855,0.049891299519768,0.45,0.032
18,0.6300770676694025,5.201143630780448,0.0568719167858797,0.45,0.036
19,0.653111122374594,4.260488110782556,0.0596944549009669,0.45,0.04
20,0.656055463052687,3.7321947973508367,0.0498437677394767,0.45,0.042
21,0.6676361286741419,3.9019164097226624,0.0492239827580483,0.45,0.044
22,0.6680813319586256,3.688281100261674,0.0526373777363387,0.45,0.046
23,0.6743218895650926,3.612780622283028,0.0576520072918941,0.45,0.048
24,0.6787586778081387,3.3161632887016053,0.0568931311173216,0.45,0.05
25,0.6834556067518501,3.347413463652665,0.0521177486002758,0.45,0.052
26,0.6891842717316636,3.440068836009894,0.0454107907559965,0.45,0.054
27,0.6922879196531733,3.1131584816433877,0.0572839898818317,0.45,0.056
28,0.6381493863004539,7.149294113742492,0.0719158895678602,0.465,0.02
29,0.5994406306194617,8.205639188880536,0.0627544026578049,0.465,0.022
30,0.5574667297866042,6.980164172238003,0.0536370907610073,0.465,0.03
31,0.6721980744624438,3.854245670791959,0.0535460200103924,0.465,0.044
32,0.6731689654386972,3.7606768751332793,0.0624927941591452,0.465,0.046
33,0.680660750186499,3.622824968430181,0.0555017674556127,0.465,0.048
34,0.6830630569897254,3.4319941448377977,0.0585999621293511,0.465,0.05
35,0.6956149423621265,3.440422565500173,0.0517482739154359,0.465,0.052
36,0.6945820724334153,3.163548088664714,0.0587172684805681,0.465,0.054
37,0.6998433181908613,3.353466713248749,0.0611041318811059,0.465,0.056
38,0.6980391202684884,3.386055394189106,0.0566258177721369,0.465,0.058
39,0.5979947694372449,8.105143836093838,0.0630856300395566,0.46,0.022
40,0.5514963542892007,8.889690953874553,0.0596001068213015,0.46,0.024
41,0.521131784541095,8.205952582814438,0.0578750722927874,0.46,0.028
42,0.5538854026152645,7.078349259283216,0.0519403069781213,0.46,0.03
43,0.5872672368390298,6.219509021645445,0.0546025676052037,0.46,0.032
44,0.6144904926725495,5.367236573457381,0.055483545800394,0.46,0.034
45,0.6312444251840778,5.06493280527619,0.0540129710104893,0.46,0.036
46,0.6438582154904366,4.724077014870281,0.054492775107613,0.46,0.038
47,0.6531618181056511,4.455587307329236,0.0551969729562201,0.46,0.04
48,0.6621583020925171,3.863138834601784,0.0573589241001293,0.46,0.042
49,0.6702015805316365,3.676276870191592,0.0542031976336543,0.46,0.046
50,0.6802688157055015,3.545412908868483,0.0559369868291287,0.46,0.048
51,0.6827685185494199,3.627062276305045,0.0568258569359547,0.46,0.05
52,0.6881996958984745,3.354618651454897,0.0613382038911927,0.46,0.052
53,0.6952626817295591,3.173254694402035,0.0446237892206171,0.46,0.054
54,0.6986915481757887,3.270966054153367,0.0616424440568703,0.46,0.056
55,0.6996537977683188,3.395894785952608,0.0560167391013486,0.46,0.058
56,0.638442336186102,7.190233750815545,0.0692961620555751,0.475,0.02
57,0.5961582972201459,8.488428722786502,0.0529807805931543,0.475,0.022
58,0.5258901199113813,7.8795595477394595,0.0572559684077368,0.475,0.028
59,0.616223092965192,5.339685813480648,0.0555868025490679,0.475,0.034
60,0.6345461330370039,4.953845975773704,0.0574011634226115,0.475,0.036
61,0.6472433592669271,4.893453169782151,0.0547475262210513,0.475,0.038
62,0.6584040062767752,4.416555834238891,0.0589494473274526,0.475,0.04
63,0.6739872797158959,3.973724365653499,0.055210753783122,0.475,0.044
64,0.678199453997634,3.967108969616597,0.0522387955698107,0.475,0.046
65,0.6884918170781239,3.600285252869809,0.0567119347457854,0.475,0.048
66,0.7002155255251437,3.404357505914848,0.0556392967452883,0.475,0.052
67,0.7026175241162351,3.297722869280101,0.0647056071056065,0.475,0.056
68,0.7042953222298993,3.472616917685392,0.0660218939763524,0.475,0.058
69,0.6397543613988086,7.245355484624612,0.0701956201790395,0.47,0.02
70,0.5996170869291575,8.395142256122623,0.0627925607477861,0.47,0.022
71,0.5105049925613132,8.537568041162494,0.0577502212464783,0.47,0.026
72,0.5244600762307118,7.6318647583366,0.0609548488145088,0.47,0.028
73,0.5875259379024178,6.374960169137365,0.0483585053810159,0.47,0.032
74,0.6173666069678161,5.219210168412636,0.0522022328143154,0.47,0.034
75,0.6336685143006722,5.160709053967844,0.0625269766577379,0.47,0.036
76,0.6453563644828918,4.738332699413614,0.0577991640670931,0.47,0.038
77,0.6562602152496959,4.457558542357656,0.0557993799767302,0.47,0.04
78,0.6686281380785442,4.148409501575102,0.0623047173503185,0.47,0.042
79,0.6735103800534583,3.839103668650614,0.0624989335776891,0.47,0.044
80,0.6792914316462884,3.826237733324136,0.0514021494562343,0.47,0.046
81,0.6819178559114474,3.479719015004905,0.0544541147735457,0.47,0.048
82,0.6890926727365684,3.570781172827442,0.0535618234958378,0.47,0.05
83,0.6926927171860067,3.3967131615973902,0.0522398932762041,0.47,0.052
84,0.7059398104670145,3.1710476053528462,0.0562027064663614,0.47,0.054
85,0.7049957401346996,3.560838554968926,0.0591733697189791,0.47,0.056
86,0.7038326098451928,3.388977841116437,0.0583505533709114,0.47,0.058
87,0.6450127388361515,7.324249016741472,0.0736969286025013,0.485,0.02
88,0.5445502511681053,8.58523537392816,0.0585068293928855,0.485,0.024
89,0.5075784149873837,8.550861544065988,0.0573130809579304,0.485,0.026
90,0.6188385249648337,5.7306398487513786,0.056818213771435,0.485,0.034
91,0.6362113896538064,5.037104948474354,0.055594941413413,0.485,0.036
92,0.6483752785382186,4.9103607564406735,0.0568348917658235,0.485,0.038
93,0.6649171746273337,4.411231511727168,0.0567336502631582,0.485,0.04
94,0.6737066764572881,4.157282178878345,0.0543153166548587,0.485,0.042
95,0.686740124089058,4.036565248337778,0.05848380534314,0.485,0.044
96,0.6921536099105079,4.006940156879529,0.0616042289529275,0.485,0.046
97,0.695352856921207,3.705646660942097,0.0552424421937167,0.485,0.048
98,0.7096085863081616,3.640818810085035,0.0593394559178199,0.485,0.05
99,0.7102331390212364,3.56330989455602,0.0596434021785562,0.485,0.052
100,0.7184714732894211,3.367273725163785,0.0756037385709289,0.485,0.054
101,0.7160194216417863,3.432044341248744,0.0622493877323316,0.485,0.056
102,0.7100127802535585,3.338862781460786,0.0622691676911619,0.485,0.058
103,0.5950737523844465,8.311041147522277,0.0595936358301271,0.48,0.022
104,0.5104011089586813,8.499076052667569,0.0584390406856121,0.48,0.026
105,0.5277944094618595,8.01845752952928,0.0583265575221043,0.48,0.028
106,0.5589801371436094,6.932130906910103,0.0545446946760036,0.48,0.03
107,0.5867136701116942,6.107888080885831,0.0462880816435096,0.48,0.032
108,0.6174153243385074,5.56388246989445,0.0486119501817926,0.48,0.034
109,0.6356292634836679,5.055357769631798,0.0575630975192871,0.48,0.036
110,0.6486736084405382,4.631604270703115,0.0545878840816119,0.48,0.038
111,0.6606723273372554,4.480421948773325,0.0568689152881815,0.48,0.04
112,0.670198111412885,4.065432553376716,0.0538151685192275,0.48,0.042
113,0.6825422317737158,3.87155871944862,0.0705487050777347,0.48,0.044
114,0.6861817643864454,3.7484369558706137,0.0578614912780017,0.48,0.046
115,0.6894629534036654,3.585832812787049,0.0599631305940347,0.48,0.048
116,0.6996306173486944,3.581300846285338,0.0568744330062592,0.48,0.05
117,0.7023463992511514,3.526372586289261,0.0594392049937576,0.48,0.052
118,0.7131609243331021,3.5118238998806097,0.0694009437145414,0.48,0.054
119,0.7158538568984343,3.497799531748249,0.0696428752315903,0.48,0.056
120,0.7104925234863555,3.564608527112215,0.0648685227952772,0.48,0.058
121,0.6435717740035599,7.355036194406825,0.0694619102923973,0.495,0.02
122,0.5953683695489567,8.50516812532721,0.0559731623647681,0.495,0.022
123,0.5453875580691797,8.912239900947446,0.0599217584028523,0.495,0.024
124,0.5089022243237677,8.392651409960116,0.0534147952872442,0.495,0.026
125,0.5232831363695856,8.24393668763444,0.0542896552040433,0.495,0.028
126,0.5632138914669941,6.910318236495269,0.0543360343334006,0.495,0.03
127,0.5915137340215881,6.483560281554322,0.0532111080992005,0.495,0.032
128,0.6204627544852966,5.276838647791831,0.0502347248064665,0.495,0.034
129,0.639158356801212,5.181793504230945,0.0568744585901354,0.495,0.036
130,0.6564520040640631,4.665710180565224,0.0646343227414159,0.495,0.038
131,0.668530014012509,4.644158515174534,0.0570413871014076,0.495,0.04
132,0.6784006897971246,4.055438442747016,0.057300002186549,0.495,0.042
133,0.687105269130313,4.238362424919833,0.0580111165502083,0.495,0.044
134,0.6970151220047242,3.9275832742904457,0.0593117671103919,0.495,0.046
135,0.705970944939203,3.688099305263188,0.0707276055928035,0.495,0.048
136,0.7204777832002545,3.628606747603164,0.0783086062989129,0.495,0.05
137,0.7359716683294122,3.416907577222,0.0699818230698187,0.495,0.052
138,0.7246762687972299,3.4833597959548497,0.0663602437305187,0.495,0.056
139,0.7182888674972805,3.506237176692096,0.0587291530785478,0.495,0.058
140,0.6411176557253113,7.010808202690589,0.0703975949377317,0.49,0.02
141,0.5909571989756759,8.143794097971277,0.0580376452383879,0.49,0.022
142,0.5346764566820681,8.641973411810952,0.0580855385481898,0.49,0.024
143,0.5056482600339691,8.161781711035703,0.0525747943674347,0.49,0.026
144,0.526086173914371,7.994406263251903,0.0623793402689688,0.49,0.028
145,0.5614590674086419,7.015480865854926,0.0486187918058123,0.49,0.03
146,0.5893301248047735,6.427293472246614,0.0513728866469816,0.49,0.032
147,0.6177153014471217,5.4369082861962434,0.0523009407535341,0.49,0.034
148,0.6350288860027814,5.033466705277811,0.0592663567037153,0.49,0.036
149,0.6507932181983938,4.671962068229725,0.0566880753982006,0.49,0.038
150,0.664304109286259,4.460955039408595,0.0574409640783535,0.49,0.04
151,0.6751593002719469,4.270262584129034,0.0609775234996916,0.49,0.042
152,0.6952056408028927,4.051341962635586,0.0724776489091769,0.49,0.044
153,0.6955186742370685,3.92547607042144,0.0543609859317369,0.49,0.046
154,0.7028011988645648,3.802743160171096,0.0601141165755776,0.49,0.048
155,0.7088658455761148,3.845436454707428,0.0720741306083787,0.49,0.05
156,0.7220408005878877,3.543955961064108,0.0709057712235116,0.49,0.052
157,0.7251102911265538,3.5065496416648667,0.0671195806110013,0.49,0.054
158,0.7171720871531313,3.489097896733336,0.0655677400810616,0.49,0.056
159,0.7226949474577209,3.253564012023061,0.0751501547321906,0.49,0.058
160,0.6427920610004851,7.406449268705629,0.075161619577569,0.505,0.02
161,0.5945774218194642,8.716348754338865,0.0600329412398313,0.505,0.022
162,0.5448369792880434,8.859881938197118,0.06499128046109,0.505,0.024
163,0.5049236329590507,8.108057535064194,0.0576849100983918,0.505,0.026
164,0.5229582065364851,7.873310956859794,0.0546508538482472,0.505,0.028
165,0.5665034145181644,7.0330610236359625,0.0534736956275469,0.505,0.03
166,0.5955781652186773,6.461675253182917,0.053089935926938,0.505,0.032
167,0.622596868087871,5.374015387888671,0.0496202919306691,0.505,0.034
168,0.6436259595425529,5.108248322238941,0.0561210240966461,0.505,0.036
169,0.6565613341493157,4.7967704628109225,0.0582865007802501,0.505,0.038
170,0.6736666552891253,4.466653254448088,0.0599632232623265,0.505,0.04
171,0.6893272733585402,4.322553377902221,0.0721000382766971,0.505,0.042
172,0.7041379666661745,4.18882318259684,0.0582101007906991,0.505,0.044
173,0.7192033600812411,3.998766537670953,0.0715197169525816,0.505,0.046
174,0.7301103632641734,3.987785274193376,0.0802194189158152,0.505,0.048
175,0.7375756525821691,3.8909922129842553,0.0751362339008772,0.505,0.05
176,0.7380441154574285,3.488097228289319,0.0762912196163124,0.505,0.052
177,0.7334880422327222,3.5543292331743035,0.0785024517352275,0.505,0.054
178,0.7346751091914141,3.883422783686562,0.0899083473474396,0.505,0.056
179,0.7325855161938147,3.6126305570557866,0.0744610356291648,0.505,0.058
180,0.6572233438505146,8.335456585958509,0.0737676369482723,0.515,0.02
181,0.5939655475341472,8.491842744307597,0.0573986962942648,0.515,0.022
182,0.5470332019111106,9.057412722322695,0.0574353479296607,0.515,0.024
183,0.5132157784475029,7.933713041067435,0.0545923882961468,0.515,0.026
184,0.5281646706900225,7.783080634323529,0.0594537838140417,0.515,0.028
185,0.565178194013465,7.106408305100884,0.0556219856366652,0.515,0.03
186,0.5972412145242206,6.277746481097278,0.0548010224483278,0.515,0.032
187,0.6207757771206763,5.2270928476124565,0.0523839693757363,0.515,0.034
188,0.6473023068878111,5.200259866190979,0.0563760613545598,0.515,0.036
189,0.6614812316943863,4.840523036081648,0.0579237222013931,0.515,0.038
190,0.6812212629176018,4.636638035685953,0.0562405124433514,0.515,0.04
191,0.6972953647193783,4.474706569648226,0.0721253351144601,0.515,0.042
192,0.7169392828159953,4.265031016253575,0.0782986556950283,0.515,0.044
193,0.7269204855844631,4.330527588984782,0.0954872831466149,0.515,0.046
194,0.7467215260942126,4.250649609463306,0.0947346882891297,0.515,0.048
195,0.7489175958654665,3.8151430281874745,0.0886036670300088,0.515,0.05
196,0.759451284436115,4.293802851016389,0.1266088237611282,0.515,0.052
197,0.7523176097703679,3.932560457530714,0.1074417301284846,0.515,0.054
198,0.7366709118686406,3.6726419453105392,0.0713805960057948,0.515,0.056
199,0.7399628224397341,3.753549512872997,0.0877160583438628,0.515,0.058
200,0.647205780496051,8.11156977673607,0.0702382749140726,0.51,0.02
201,0.5902370105392867,8.700042796833412,0.0564579911513547,0.51,0.022
202,0.5464633058009745,9.065776981955269,0.0613255103681531,0.51,0.024
203,0.5076774290692119,7.980749505827253,0.0619989384178142,0.51,0.026
204,0.528063899309835,7.720293753776462,0.0574306869991302,0.51,0.028
205,0.5647353235947639,7.021296890873302,0.0474296556223591,0.51,0.03
206,0.5960604760224035,6.380558020637944,0.0523529185295713,0.51,0.032
207,0.6217073603069668,5.732231903177711,0.0628886949114372,0.51,0.034
208,0.6462298795861163,5.190570994116412,0.0568364269865518,0.51,0.036
209,0.6607316076057038,4.726832454580894,0.0594924800924518,0.51,0.038
210,0.6747142857301588,4.356136187201946,0.061107001835899,0.51,0.04
211,0.6934301562832442,4.383676390331639,0.0727034273041591,0.51,0.042
212,0.7004293943169684,4.302025898425296,0.0715061200645023,0.51,0.044
213,0.7283000077712694,4.095829348423061,0.0882403929590178,0.51,0.046
214,0.7400655878629658,4.026298851613452,0.0992246929477501,0.51,0.048
215,0.7527297948719232,3.97885613390986,0.096508281479653,0.51,0.05
216,0.7532484351320232,3.8104594404215,0.0893320438073899,0.51,0.052
217,0.737414906869643,3.8253690009244985,0.1037757941235119,0.51,0.054
218,0.7492064352366279,3.822823029771783,0.0793423588271629,0.51,0.056
219,0.7361090309026449,3.464082165707507,0.0632134125753599,0.51,0.058
220,0.6500611552494606,7.815936156968968,0.0713303093394952,0.525,0.02
221,0.5951345070764498,8.785528618138033,0.0572887810203584,0.525,0.022
222,0.5492359718898969,9.431818001731342,0.060909018695467,0.525,0.024
223,0.5096295367013173,8.40125211779001,0.0580896891423074,0.525,0.026
224,0.5330150584606961,7.874484467562177,0.0593331584071939,0.525,0.028
225,0.5680866203952402,6.903684600626681,0.0519422207725676,0.525,0.03
226,0.5985759117978199,6.318220854917956,0.0487469881516497,0.525,0.032
227,0.6263776703579405,5.863970039554796,0.0578383948384884,0.525,0.034
228,0.648071548598211,5.172265806351908,0.0627164691508201,0.525,0.036
229,0.6686497491742369,4.983163525462781,0.0658214468168557,0.525,0.038
230,0.6912641097847573,5.0199160428128815,0.0817779380329287,0.525,0.04
231,0.7150739322822992,4.536554630622588,0.1033241072931129,0.525,0.042
232,0.745663727848917,4.365072044032701,0.1144322793513751,0.525,0.044
233,0.7542828764772581,4.260145856413371,0.1117998165148465,0.525,0.046
234,0.7797129762485044,4.108516440499545,0.1462010010411275,0.525,0.048
235,0.7610424617471316,4.027493800893797,0.1112637163011266,0.525,0.05
236,0.7616133025592335,4.060352877021561,0.1403096013580719,0.525,0.052
237,0.7517985079503233,3.827700146545936,0.1092457879060253,0.525,0.054
238,0.7424335715466538,3.9016215830821976,0.0847350921020431,0.525,0.056
239,0.7401204398862763,3.5084944271972107,0.077107891349476,0.525,0.058
240,0.6466566898151427,7.484182175820939,0.0710731548745746,0.52,0.02
241,0.5880400304013937,8.360162734684028,0.0562513450056727,0.52,0.022
242,0.55038558852713,9.402035299023956,0.054505326852027,0.52,0.024
243,0.511680610160508,8.140677379269144,0.0634027225079691,0.52,0.026
244,0.5290084901495271,8.044589711597784,0.0642307453385121,0.52,0.028
245,0.5654722134418886,7.271691001945626,0.0490645611263308,0.52,0.03
246,0.5951988647059898,6.099376802312205,0.0494813930928811,0.52,0.032
247,0.6268471517674794,5.371510791910505,0.0558284513191188,0.52,0.034
248,0.6464413029386129,5.116364511577282,0.0615209869818966,0.52,0.036
249,0.6680384032346338,5.023980210709013,0.0643610840679548,0.52,0.038
250,0.6881109729882449,4.834055750192699,0.0572433779833114,0.52,0.04
251,0.7039120893908686,4.294311800749261,0.1058820179812,0.52,0.042
252,0.7292148120273243,4.1346137827311615,0.0827000080870597,0.52,0.044
253,0.7368890456333719,3.992822881882716,0.0922229368329194,0.52,0.046
254,0.756650078611592,4.336747142047856,0.1145589814013492,0.52,0.048
255,0.7641974360602012,3.842095952050063,0.115387204704509,0.52,0.05
256,0.7541115830866909,3.7630618225460712,0.0904921292976409,0.52,0.052
257,0.7535718606036385,3.8849466351622017,0.1086712598600708,0.52,0.054
258,0.7361429152380092,3.571913829634923,0.0717857231861352,0.52,0.056
259,0.7340482814779075,3.613093002713419,0.0728924762031736,0.52,0.058
260,0.675661463850985,8.132624859138284,0.0778413874173547,0.535,0.02
261,0.5955306125003472,8.94989820559299,0.05801881060107,0.535,0.022
262,0.5497009071048782,8.961652045459653,0.0606645516230336,0.535,0.024
263,0.5142282278573003,8.502313042324666,0.0521998375488801,0.535,0.026
264,0.5342047558061173,7.746101259873195,0.0605614213855768,0.535,0.028
265,0.571144404036936,7.166365302273326,0.0504339800990659,0.535,0.03
266,0.6021863195154356,6.2026639254998726,0.0549953574001773,0.535,0.032
267,0.63086598205556,5.726736288010341,0.0551533471733723,0.535,0.034
268,0.6499352716162983,5.2616486946897805,0.0648856159301117,0.535,0.036
269,0.6792251431633776,5.120077737855707,0.0643253579749922,0.535,0.038
270,0.704882384024929,5.290189206498619,0.1002455293686664,0.535,0.04
271,0.7391138195781233,4.583259695105788,0.0819481752854691,0.535,0.042
272,0.7950548280358288,4.679285272423981,0.1494993594108056,0.535,0.044
273,0.7887356814785582,4.5678871177933695,0.1466102160857198,0.535,0.046
274,0.7953471568500609,4.175077327029968,0.1475553311025343,0.535,0.048
275,0.7842325758276837,4.244535848981368,0.1841134668223557,0.535,0.05
276,0.7665479765865925,4.2782807722499205,0.1522222118792753,0.535,0.052
277,0.7644102282026456,3.9798935214073135,0.1084207052376891,0.535,0.054
278,0.7445550830292584,3.908624955906896,0.1092246426099283,0.535,0.056
279,0.7324679753843906,3.7139091402898536,0.0933691420557688,0.535,0.058
280,0.6479770251333772,7.562139442845295,0.0699296825683267,0.53,0.02
281,0.6061751983200203,8.663658527190506,0.0566053455822528,0.53,0.022
282,0.545443884863893,9.148098209001104,0.0539531706163241,0.53,0.024
283,0.5727522108197671,7.300188081791025,0.0504039702368184,0.53,0.03
284,0.5995875725992059,6.512170945886938,0.056626891497861,0.53,0.032
285,0.6283795693019095,5.802863964473699,0.0596053644974769,0.53,0.034
286,0.6498430524316685,5.3181715329380825,0.0705579598301384,0.53,0.036
287,0.6666417635100692,4.998998448062701,0.0700116266869349,0.53,0.038
288,0.6990440859254039,4.955864583285472,0.0849345614665939,0.53,0.04
289,0.7279341905314838,4.662589385510068,0.1094430690902909,0.53,0.042
290,0.7525393739430997,4.355364854047599,0.1185696198031126,0.53,0.044
291,0.7869522092506984,4.351364814454314,0.1289192326318719,0.53,0.046
292,0.7813805166239949,4.135699853854441,0.1547171703065734,0.53,0.048
293,0.7747068758296107,4.214779220935388,0.1376372947983976,0.53,0.05
294,0.7719794959996256,4.160182834796011,0.1269124981963285,0.53,0.052
295,0.7343627040723963,3.371820987731578,0.0837461048261398,0.53,0.058
296,0.6510312440081971,8.669532140411327,0.0704652286759041,0.545,0.02
297,0.6230415963679687,9.446258389159755,0.0693505690944179,0.545,0.022
298,0.5534529929937456,8.973018824762487,0.0591759916114552,0.545,0.024
299,0.5335459255780968,7.7296632143557105,0.0565494547904187,0.545,0.028
300,0.5739320742016831,6.881700164475638,0.0555590907290657,0.545,0.03
301,0.6073103267671855,6.09801590891271,0.0501837314936905,0.545,0.032
302,0.6388658684780109,6.167274313158687,0.0532495998211353,0.545,0.034
303,0.6545200835240031,5.21088875436766,0.0775790506776291,0.545,0.036
304,0.7002956480126006,5.208075648407435,0.0777941403415592,0.545,0.038
305,0.7282722668167501,4.993135910600552,0.1342201773454966,0.545,0.04
306,0.7965148392345247,4.94029776199035,0.1899950553521966,0.545,0.042
307,0.8043005158402112,4.715160811773931,0.1410696457508554,0.545,0.044
308,0.8097559956606617,4.317249863254857,0.1803342448930633,0.545,0.046
309,0.7898009961188699,4.414723383829236,0.1753786689721715,0.545,0.048
310,0.7724551291478656,4.189201054041521,0.1349219503895838,0.545,0.05
311,0.7678169871148681,3.9612038418181417,0.1351102239856248,0.545,0.052
312,0.7426247876089119,4.097100876127273,0.1102074865140063,0.545,0.056
313,0.7318558638363704,3.7686653415370728,0.1087012308758618,0.545,0.058
314,0.670366324928347,7.899986534307772,0.0773745719653774,0.54,0.02
315,0.6028614925036305,8.879638184522204,0.0642811011090576,0.54,0.022
316,0.5469730398881281,8.840547190605887,0.0595317092065184,0.54,0.024
317,0.5171892668435268,8.589357883713754,0.0482576831732325,0.54,0.026
318,0.5362332613575422,7.814263648777276,0.0603041331357793,0.54,0.028
319,0.5716931996403405,7.260756021193603,0.054155601714104,0.54,0.03
320,0.6077280382687591,6.5247108626979005,0.0542748505128682,0.54,0.032
321,0.6315082744363678,5.854213092062728,0.0563051210016617,0.54,0.034
322,0.6509601233267961,5.158604568369647,0.0768107159716159,0.54,0.036
323,0.6842368418911807,5.276866261110228,0.0843507287833895,0.54,0.038
324,0.7214782020680175,5.454265863689087,0.0864287460838049,0.54,0.04
325,0.7616297077498229,4.777897854868459,0.1458687977311639,0.54,0.042
326,0.7913311223826021,4.827569105109033,0.1465817978379704,0.54,0.044
327,0.8112866491309686,4.194962222120201,0.1411527227650445,0.54,0.046
328,0.8002342035510002,4.560296046681303,0.1547065787536531,0.54,0.048
329,0.7754868877580361,4.3981628464412,0.1516287080293028,0.54,0.05
330,0.7513300389974877,3.773177419061277,0.1132714155407812,0.54,0.054
331,0.7390977071787519,3.5960759493056327,0.0993692343616635,0.54,0.056
332,0.7274402144984449,3.67948238869056,0.0879618203368666,0.54,0.058
333,0.6700524094128105,8.827493171584292,0.0722290906142128,0.555,0.02
334,0.6486908640007849,9.256776832957362,0.066497902439913,0.555,0.022
335,0.5452731882794826,8.958732638199939,0.0602337824188863,0.555,0.024
336,0.5224351600292392,8.296522587095094,0.0520196334451733,0.555,0.026
337,0.5407536850105894,7.855223724983704,0.0543809386988807,0.555,0.028
338,0.5733819290055232,6.973931829680205,0.0541730621151239,0.555,0.03
339,0.6083208852235023,6.532150807142068,0.0585965875953063,0.555,0.032
340,0.6458798853048335,6.015590530278089,0.0743617179634677,0.555,0.034
341,0.6647600347592506,5.4168026810211405,0.0850393459960654,0.555,0.036
342,0.7369724266305239,5.695309680511866,0.2099247064864626,0.555,0.038
343,0.8467653298520196,4.411368175735486,0.1647768119626066,0.555,0.042
344,0.8256658442572962,4.474227372659267,0.141104521668743,0.555,0.044
345,0.8074170470212595,4.613094815487358,0.2297427455911003,0.555,0.046
346,0.7758661640204794,4.559222404750712,0.1456792628566939,0.555,0.048
347,0.7575134542689053,4.4918923960119175,0.1565435815487857,0.555,0.05
348,0.7465229949446959,4.158768725575644,0.1074166345642747,0.555,0.052
349,0.7384497666992577,3.920642840703611,0.1056072355050889,0.555,0.054
350,0.7264901136416132,3.842261709997379,0.0795183628072088,0.555,0.056
351,0.6601991666628713,7.985589551229748,0.0740188868381221,0.55,0.02
352,0.5919972978605359,8.717334548906171,0.0611485437935989,0.55,0.022
353,0.5550614881067346,9.348752134208665,0.0599214612014855,0.55,0.024
354,0.5346871882614646,7.720922891726752,0.0582115591716137,0.55,0.028
355,0.5728656791357161,6.914212595503377,0.0547369438953936,0.55,0.03
356,0.6056949354402065,6.394536154774064,0.0564953347237295,0.55,0.032
357,0.6353442069519002,6.134176785401952,0.0653508752630625,0.55,0.034
358,0.669417999836837,5.454939548772975,0.0898137431774862,0.55,0.036
359,0.7059324287316244,5.699369994545487,0.0954970300108615,0.55,0.038
360,0.7654663043587826,5.455980168105834,0.1525651856665167,0.55,0.04
361,0.7999994013925422,4.634858732296408,0.1777246668123015,0.55,0.042
362,0.8209533561147757,4.720931742896611,0.1684284573331233,0.55,0.044
363,0.8121389792690242,4.605056678675081,0.1946164235560698,0.55,0.046
364,0.7684996684750579,4.442842250874921,0.1564694658471715,0.55,0.05
365,0.7596880275340272,4.384354260603976,0.1253904301713701,0.55,0.052
366,0.7475067753091152,3.936456430142059,0.1107713258305503,0.55,0.054
367,0.7416348193261213,3.6510054766379687,0.0779992599645982,0.55,0.058
368,0.6980692819060856,7.771184529841856,0.0798796014845794,0.565,0.02
369,0.5940184259758696,8.845000566059602,0.05261839985703,0.565,0.022
370,0.5489439175200407,9.231161827816427,0.0573288360743844,0.565,0.024
371,0.5422504472581462,8.271241682430174,0.0688327184136256,0.565,0.028
372,0.5818511044947187,7.5685666793066755,0.0639983286716295,0.565,0.03
373,0.6114195350396558,6.97479614299516,0.0609845877821657,0.565,0.032
374,0.6555581569419028,6.298621996355525,0.0900148596205559,0.565,0.034
375,0.6981071983860865,5.863811257117851,0.1823044246268409,0.565,0.036
376,0.7779020810400198,5.247290475634364,0.1654182603268934,0.565,0.038
377,0.8899736755846658,4.710336135300356,0.1346447603021506,0.565,0.04
378,0.8286613322869538,4.864157543318401,0.267691784694402,0.565,0.042
379,0.8015784141045009,4.859390252885278,0.205434409534355,0.565,0.044
380,0.7842331943040054,4.866338456099206,0.1582529065720831,0.565,0.046
381,0.7642722523838208,4.448003748893493,0.111033523635503,0.565,0.048
382,0.7460715926998016,3.9833172467114992,0.0940094095400831,0.565,0.052
383,0.7332695295606783,3.798814025444933,0.1004357138697283,0.565,0.054
384,0.698494251257695,6.027983045205149,0.0900779145171116,0.56,0.02
385,0.6385947354863024,9.96173841618308,0.0693088895057157,0.56,0.022
386,0.5690795159750962,9.755087465697398,0.0680645668933753,0.56,0.024
387,0.5212424171815774,8.513217358718766,0.0622703780015676,0.56,0.026
388,0.5442108705733555,8.083010349367534,0.0655736358427336,0.56,0.028
389,0.5778889282004684,7.179260087235613,0.0545445846057609,0.56,0.03
390,0.6110744140499466,7.107491292457857,0.0751361660575136,0.56,0.032
391,0.645615348460123,6.244496947386202,0.0656876930674569,0.56,0.034
392,0.6810583324874042,5.753155358174393,0.1298562764235528,0.56,0.036
393,0.7314550738255571,5.580731060602518,0.1665706686417408,0.56,0.038
394,0.8338355080516746,5.059201460900201,0.1879935312919894,0.56,0.04
395,0.8473017542593207,4.637523235753672,0.1854981958562033,0.56,0.042
396,0.8260548774026834,4.806826736328492,0.1794592510424523,0.56,0.044
397,0.782771094932659,4.569621371531933,0.1885169537666668,0.56,0.046
398,0.7638010043305795,4.2847258303061615,0.1291628084863433,0.56,0.048
399,0.7593552058720706,4.3324357411654,0.124184718033817,0.56,0.05
400,0.7465704970714472,4.010118542069719,0.1048424196236613,0.56,0.052
401,0.7429734093504983,4.002824092810394,0.0780370047736712,0.56,0.054
402,0.7325755734820887,3.702149614534113,0.0761705067999286,0.56,0.056
403,0.7251877609555153,3.635705739174728,0.0837578417671375,0.56,0.058
404,0.7297288769807615,5.503536666978073,0.1766920694297901,0.575,0.02
405,0.6711169969772279,9.208350188928284,0.0692125400266381,0.575,0.022
406,0.7614730813280577,6.08534014616957,0.2742813608713477,0.575,0.024
407,0.5211136934920688,8.763993129677228,0.0621886940557922,0.575,0.026
408,0.6163098633023364,6.938468466588156,0.1624063924916965,0.575,0.028
409,0.5777605476179811,7.152048755326334,0.0642767828545399,0.575,0.03
410,0.6359560584784638,6.702395325020488,0.1450674815804478,0.575,0.032
411,0.6605319851681719,6.078980940888893,0.0943347988640089,0.575,0.034
412,0.8082100583142997,5.321438053372647,0.305686881688702,0.575,0.036
413,0.918260456119005,4.4609795569434905,0.2014773183058907,0.575,0.038
414,0.8353686745573888,4.877002628344765,0.3681835049884744,0.575,0.04
415,0.776751861148183,5.116844600534643,0.3323537329049929,0.575,0.042
416,0.7796923614868965,4.797004924874984,0.1723874844136045,0.575,0.044
417,0.7503913873274807,4.342735316804646,0.1096724135099014,0.575,0.046
418,0.7495038458168554,4.104311096441555,0.1094098621368275,0.575,0.048
419,0.7448641615039635,4.12104016672905,0.092222580161084,0.575,0.05
420,0.7357548798261061,3.729707499593491,0.0780004719239673,0.575,0.052
421,0.7213396599615465,3.883464743362436,0.0580297405792782,0.575,0.056
422,0.7188715068204438,3.5681324734942157,0.0624313471209672,0.575,0.058
423,0.6909053791803355,7.747489962643773,0.0795874459335087,0.57,0.02
424,0.6511894922023294,10.012351864365042,0.0705368820531882,0.57,0.022
425,0.5634384241460402,9.640823249320947,0.0618744196527941,0.57,0.024
426,0.5499302877016297,8.258101391914355,0.0750965155860874,0.57,0.028
427,0.5780993132974692,7.114189107892272,0.0663714251464563,0.57,0.03
428,0.7717285291725403,4.708640587407823,0.1843297855412873,0.57,0.044
429,0.7729805747461023,4.550583527525156,0.1980088011037235,0.57,0.046
430,0.7526321443508147,4.301882974212629,0.1024675726941575,0.57,0.048
431,0.7386407149752965,4.008169074998645,0.0944435780805033,0.57,0.05
432,0.7394009071954686,4.012379739948457,0.0872623914687068,0.57,0.052
433,0.7289928139952917,3.723130490896915,0.0740604334974137,0.57,0.054
434,0.7208244640989829,3.6449183528313913,0.0792287732518131,0.57,0.056
435,0.724172778240546,3.565891448402115,0.0770241820082446,0.57,0.058
436,0.7979782875709991,4.922694074236755,0.3087553019374262,0.585,0.02
437,0.8134462852546833,5.9855360255113625,0.3932275489806313,0.585,0.022
438,0.798064067491975,6.27986253468542,0.3582224286125696,0.585,0.024
439,0.6032752614756602,7.738809907536994,0.1132632519561996,0.585,0.026
440,0.7642466507095469,6.655267206654471,0.4014141955446422,0.585,0.028
441,0.7465611193240442,6.326241520346163,0.3959499075182595,0.585,0.03
442,0.748696680136967,5.956996668119853,0.4017050262811237,0.585,0.032
443,0.7943705470709342,4.934097121288302,0.4054385404955155,0.585,0.034
444,0.8506301641180771,4.826040289234597,0.5578011726475357,0.585,0.036
445,0.7702291266663848,5.349619146148591,0.1225201545492472,0.585,0.038
446,0.764953740010075,5.357878625181211,0.1935748598161788,0.585,0.04
447,0.758450667468802,4.754876379939192,0.1200399665500596,0.585,0.042
448,0.7546137902693216,5.182751169961605,0.1407520037866938,0.585,0.044
449,0.7473660436456347,4.046650974509722,0.0897944778683429,0.585,0.046
450,0.7415110072620101,3.996536033326021,0.0817009651320333,0.585,0.048
451,0.7324458094269746,3.709601413804101,0.0729225220958985,0.585,0.052
452,0.7262405256169855,3.782043003085447,0.0691670814877081,0.585,0.054
453,0.7192613280827507,3.5013681235275507,0.0650523683442191,0.585,0.056
454,0.715055002281531,3.344883348985874,0.0510169791256969,0.585,0.058
455,0.7622994138790256,5.196686978765141,0.2921380040808908,0.58,0.02
456,0.7271303215389586,6.211722964523207,0.1529937830471975,0.58,0.022
457,0.799570643556896,6.630810417125737,0.3122345159840737,0.58,0.024
458,0.5201507158046257,9.218638988320851,0.0619052668223773,0.58,0.026
459,0.7134548879307088,7.014119513277441,0.3667605643074494,0.58,0.028
460,0.622174003988988,6.620632135000111,0.1925841103286183,0.58,0.03
461,0.6244714254791228,6.914764177705864,0.1267750215146473,0.58,0.032
462,0.6902374445837226,6.3098940469899,0.1546980548108797,0.58,0.034
463,0.9343427063511746,4.43967086284963,0.1830596614910256,0.58,0.036
464,0.821717491178806,4.784213270718201,0.6470102883061442,0.58,0.038
465,0.7854963293352528,5.290597432208756,0.2689451066503451,0.58,0.04
466,0.7811058946166429,5.180313179896697,0.1635724801033177,0.58,0.042
467,0.7659055736217283,4.520959006167579,0.1054709042130102,0.58,0.044
468,0.7499680247822761,4.073714597165056,0.1125556143167924,0.58,0.046
469,0.7509106500053429,3.986042066339756,0.0929146963920047,0.58,0.05
470,0.7324683247917105,3.9581091273611975,0.0917835262844441,0.58,0.052
471,0.7271772832158951,3.813877217035081,0.0725735894528006,0.58,0.054
472,0.7210667494742868,3.700230235177509,0.077374988030052,0.58,0.056
473,0.7164913320997668,3.4485111455014965,0.0703382631538267,0.58,0.058
474,0.8223676772698505,4.604774859070354,0.349795568258982,0.595,0.02
475,0.837315751840903,5.442989322138963,0.3794273834721257,0.595,0.022
476,0.8295128179832788,5.870660153574423,0.3692380523555825,0.595,0.024
477,0.8081939302717892,6.051311210387285,0.3947536170026811,0.595,0.026
478,0.7772441736701268,6.477723890151383,0.3847198298533195,0.595,0.028
479,0.925734422767662,5.649038718489128,0.2792307371118724,0.595,0.03
480,0.9627627299958134,4.899935473724243,0.1143329870191678,0.595,0.032
481,0.9618460471501384,4.3948546901629575,0.1077230171291563,0.595,0.034
482,0.7838756892508285,6.030175537845812,0.17426228144929,0.595,0.036
483,0.7510505238787478,5.793219550107298,0.1259516180184526,0.595,0.038
484,0.7439066128762231,5.1938257028514965,0.1360982145749812,0.595,0.04
485,0.7453577006442191,4.224890639638419,0.0885735857998145,0.595,0.042
486,0.7406225042341081,4.27012871012468,0.0904107258321042,0.595,0.044
487,0.7393626796564866,4.05624985554874,0.0964552080226745,0.595,0.046
488,0.7332898323123542,4.109548805765777,0.0835594255917695,0.595,0.048
489,0.730263469033166,4.049291036304664,0.0807659660053006,0.595,0.05
490,0.7231125398612263,3.7110842308535137,0.073427090759185,0.595,0.052
491,0.7159137558954565,3.509543652850445,0.0655782212751217,0.595,0.054
492,0.7119533067664398,3.45655531910037,0.0615372056410903,0.595,0.056
493,0.709180102047522,3.39360870518859,0.0593463512632755,0.595,0.058
494,0.807098755579891,4.60396559804222,0.3467175403739338,0.59,0.02
495,0.806784405483382,5.872279649053728,0.3701040949451071,0.59,0.022
496,0.8681950996458709,6.001385418992277,0.3319646972644176,0.59,0.024
497,0.7152483485029157,7.241122137440616,0.3655445771282212,0.59,0.026
498,0.8538197922593113,6.604685830235319,0.3323422455069852,0.59,0.028
499,0.7496999480025155,5.599714180188344,0.4252991835500985,0.59,0.03
500,0.7694603193252454,5.959087447479788,0.420891155785207,0.59,0.032
501,0.9465063466195328,4.768085863102535,0.1129935034012887,0.59,0.034
502,0.8009800230880822,5.508702109352965,0.4258887957820575,0.59,0.036
503,0.7636024849833621,5.701037680597327,0.2844485306248221,0.59,0.038
504,0.7513552399981882,5.410545920116649,0.1274855333438505,0.59,0.04
505,0.755103812608155,4.707330841010214,0.1202692486608177,0.59,0.042
506,0.7460991783870925,4.609768972408872,0.1072009869704032,0.59,0.044
507,0.7385300371641549,4.22790041503826,0.1102784011412331,0.59,0.046
508,0.7453930674792123,4.157636474336354,0.0800328689922533,0.59,0.048
509,0.729969860686221,4.036056045916679,0.0835760825447867,0.59,0.05
510,0.7196845161475185,3.5056919497501378,0.0666996483423542,0.59,0.052
511,0.7205333214295992,3.5806124729303077,0.0555385930521887,0.59,0.056
512,0.7157369914076599,3.408423042129371,0.0524313342093491,0.59,0.058
513,0.6395172229121064,6.907863686444396,0.0706814482842968,0.5,0.02
514,0.5904936205521469,8.64413430245424,0.0562337307143457,0.5,0.022
515,0.534220057473459,8.883262257893682,0.0595930318173243,0.5,0.024
516,0.5082065778416973,8.449348708104448,0.0596422423424558,0.5,0.026
517,0.5222359247142331,7.909681937986225,0.0574445827266882,0.5,0.028
518,0.5639951424892037,6.967621573465513,0.0566144611087458,0.5,0.03
519,0.5957629789021575,6.250439102939774,0.0499029476022214,0.5,0.032
520,0.6195880470024909,5.6408052989449935,0.0593396400504262,0.5,0.034
521,0.6390257278364044,5.144061375643931,0.065190931215142,0.5,0.036
522,0.6530867475008139,4.851347747415322,0.0557247499050529,0.5,0.038
523,0.6684717837257799,4.610848711920697,0.0673393938180177,0.5,0.04
524,0.6827937515310931,4.320169986549649,0.0654505697407313,0.5,0.042
525,0.6947963535054169,4.13279390620849,0.0606440868063422,0.5,0.044
526,0.7057479078163393,3.9241298987565423,0.0693520484160335,0.5,0.046
527,0.714906402888788,3.689201680872122,0.0669425854980207,0.5,0.048
528,0.7293062894864142,3.796865581828013,0.075837197888187,0.5,0.05
529,0.7343118971411668,3.5646070139078474,0.0650166596415252,0.5,0.052
530,0.7325921452887525,3.7293602165277626,0.0835667305232056,0.5,0.054
531,0.7344187973301308,3.6664955560387753,0.0663301884582394,0.5,0.056
532,0.7322967773131188,3.5113505389852464,0.0817995748706843,0.5,0.058
533,0.8681532745902716,4.661695542423943,0.3330342806146169,0.605,0.02
534,0.9430574262208644,5.644523041798086,0.0815587549408754,0.605,0.022
535,0.8892834908755027,6.01819417474299,0.3978125568749532,0.605,0.024
536,0.7576287442926066,7.377804096824737,0.1401789243112801,0.605,0.026
537,0.9663366348051464,5.7484685313562425,0.1241287626974459,0.605,0.028
538,0.7616738101962437,6.729355123956102,0.1263937634846806,0.605,0.03
539,0.7557644754908721,6.353251955062055,0.124433285009341,0.605,0.032
540,0.7522006343847262,6.021797551786988,0.1122209952595428,0.605,0.034
541,0.7452125274042725,4.991400610748804,0.0947407608817197,0.605,0.036
542,0.736869497081207,5.551135977318501,0.1248111172885311,0.605,0.038
543,0.7286321749038601,4.613603907197821,0.082350482248716,0.605,0.04
544,0.7336755117063284,4.219285245073028,0.0787650099385559,0.605,0.042
545,0.730527855432969,4.277010187221013,0.06755018814228,0.605,0.044
546,0.7289428238040982,4.006233778784174,0.0808659908191831,0.605,0.046
547,0.7255169448846484,3.8287165619991055,0.0770456424537402,0.605,0.048
548,0.7175432791152955,3.602855170395625,0.0596807669825632,0.605,0.05
549,0.7169158280415846,3.530976367889102,0.0674788257171568,0.605,0.052
550,0.7060787680438518,3.5506592490923463,0.0635374822092779,0.605,0.054
551,0.7115573194170872,3.461691328255353,0.0589535067571328,0.605,0.056
552,0.7134336952628391,3.655006957211224,0.0613877106561154,0.605,0.058
553,0.7579656492798676,6.697824050479985,0.1009719708329702,0.615,0.02
554,0.7475026539953318,7.574568396541805,0.1127224455093541,0.615,0.022
555,0.7389468653005842,7.216719482059501,0.0986325375658083,0.615,0.024
556,0.737530057396382,6.954276095223412,0.0907367025078895,0.615,0.026
557,0.7445516670676509,6.864748099756175,0.085827406819127,0.615,0.028
558,0.7314203522681801,6.1256607736226965,0.0975577394988945,0.615,0.03
559,0.7333735968129137,5.433261921631265,0.0700349939182967,0.615,0.032
560,0.734521877250281,5.648068644830362,0.0924066524947404,0.615,0.034
561,0.7373980792787589,5.195304383999167,0.0853298135515784,0.615,0.036
562,0.7449146654017355,5.134967797444266,0.0961409456226326,0.615,0.038
563,0.729603985967471,4.539777088657385,0.0919901904807877,0.615,0.04
564,0.7309144121380351,3.892650170850813,0.0575779037654406,0.615,0.042
565,0.7291493158600311,4.089947510418448,0.0736573829995907,0.615,0.044
566,0.720294861768553,4.038979915771385,0.0597578541549556,0.615,0.046
567,0.7184040546741605,3.616788717920892,0.069015798628929,0.615,0.048
568,0.7160311116663884,3.7114977327260767,0.0588162061147796,0.615,0.05
569,0.7161033577479085,3.558740604418001,0.0618036338470087,0.615,0.052
570,0.7087701138803519,3.472086914387186,0.0636943121165136,0.615,0.054
571,0.7063016302873797,3.713215336345861,0.0629055791386064,0.615,0.056
572,0.7070674424590986,3.529244942369842,0.0590694352054582,0.615,0.058
573,0.775064320769189,7.403277579832287,0.1065910710947549,0.61,0.02
574,0.8833980584339193,5.207860800597595,0.3347143149007429,0.61,0.022
575,0.7661660034569561,7.384104544345269,0.1006309921544477,0.61,0.024
576,0.751821128331049,7.161499714675518,0.0833576898084648,0.61,0.026
577,0.7651768701158983,7.73105465156434,0.1004120601959516,0.61,0.028
578,0.7605836750986799,5.822326241364888,0.0945289336780503,0.61,0.03
579,0.7578474700556881,6.64072909427223,0.1375630526915633,0.61,0.032
580,0.7340583042721961,5.614709820083285,0.1022571639693528,0.61,0.034
581,0.7453230133240707,5.509552620447394,0.1441833128316534,0.61,0.036
582,0.7340343247156345,5.063782302183016,0.1227107439583002,0.61,0.038
583,0.733880582083438,4.726973969495037,0.0900526998439052,0.61,0.04
584,0.7319095412228376,4.300064228316034,0.0837411294131193,0.61,0.042
585,0.7204803215579776,3.915946966533118,0.0572116696313081,0.61,0.044
586,0.7268332796438239,3.959201629727788,0.06106934653383,0.61,0.046
587,0.7239273393775427,3.8889881523376815,0.0551865999473678,0.61,0.048
588,0.7188027281324504,3.669533421314713,0.0713759502964578,0.61,0.05
589,0.7153800163693653,3.7989449900808183,0.0572671528755623,0.61,0.052
590,0.7114020539569434,3.539261443808653,0.0597229818158298,0.61,0.054
591,0.7113929211609307,3.561747512154416,0.0538184550075909,0.61,0.056
592,0.7073474843895184,3.5307914603700072,0.0598609309471007,0.61,0.058
593,0.7372437557933544,6.75553151181303,0.0770680951758926,0.625,0.02
594,0.7349886954843103,7.298880579561386,0.0933743842559854,0.625,0.022
595,0.7236065148462175,7.202352206209609,0.0832604740584191,0.625,0.024
596,0.7351514023239734,7.439901522234988,0.0958789186458315,0.625,0.026
597,0.7302221595364966,7.22037776032088,0.1006020572454645,0.625,0.028
598,0.734703690633711,6.366537911800582,0.0937320808590642,0.625,0.03
599,0.7187281534544161,5.979110322204767,0.1013299835520556,0.625,0.032
600,0.7286735573684793,5.445912037293196,0.1248971605560269,0.625,0.034
601,0.7228450139777242,5.243705469662651,0.1102350066551606,0.625,0.036
602,0.7231477973904411,4.736765963242724,0.0780640720789566,0.625,0.038
603,0.7152518552452815,4.195211007777737,0.066719270828319,0.625,0.04
604,0.7238134266943377,4.095412651976744,0.0780107630881612,0.625,0.042
605,0.7142057331101769,3.965125534300471,0.0665706014800318,0.625,0.044
606,0.714985481752382,3.614231567032636,0.0660943252499424,0.625,0.048
607,0.7156721609944543,3.688210325684476,0.0610349843236414,0.625,0.05
608,0.7071171117709929,3.585349753005566,0.057099222027826,0.625,0.052
609,0.7150698613058405,3.6155873021595752,0.0574028167087723,0.625,0.054
610,0.706179022496741,3.4496204736169966,0.0563182585328085,0.625,0.056
611,0.7453249691644221,6.887212590849654,0.0547317258810621,0.62,0.02
612,0.7226929385908561,7.044815666562447,0.0670149369717172,0.62,0.022
613,0.7323497415416063,7.722960126014113,0.1528239495742311,0.62,0.024
614,0.7457907648922011,6.9485586598395495,0.1066671958179332,0.62,0.026
615,0.7299202596235588,6.956563224168906,0.0970300954211357,0.62,0.028
616,0.7319985698857432,6.396327656563104,0.1094626178385963,0.62,0.03
617,0.7334805378377032,5.843108440255523,0.0911277470038931,0.62,0.032
618,0.7314455559320431,5.739042729922985,0.0964943633018242,0.62,0.034
619,0.7280607927670688,5.224625270111458,0.1094702991421428,0.62,0.036
620,0.7322964187781734,4.718548820760791,0.079990096774045,0.62,0.038
621,0.720701758646707,4.319024895444682,0.0794488069713356,0.62,0.04
622,0.7225428205998947,4.20344809498934,0.0898929282175377,0.62,0.042
623,0.723619830251294,3.954810141461724,0.07482181358041,0.62,0.044
624,0.7227160452402288,3.811860345166632,0.0728291625676034,0.62,0.046
625,0.7166028873025807,3.782215283412298,0.0569305051638835,0.62,0.048
626,0.7089413585512114,3.674262723000164,0.0532514847511039,0.62,0.05
627,0.713452008076074,3.630825701850643,0.0565213733994529,0.62,0.054
628,0.7049646508782156,3.233367175348085,0.0582731642410139,0.62,0.056
629,0.7053198841146436,3.320510563941815,0.0624250929027683,0.62,0.058
630,0.7155557084845574,7.156226643835533,0.070359021026358,0.635,0.02
631,0.7165423227296488,7.3347694633956255,0.071983942685857,0.635,0.022
632,0.7191745644558147,7.770285099160954,0.0782593086306609,0.635,0.024
633,0.7016988974947703,7.289410974728968,0.0745248651392801,0.635,0.026
634,0.720899366575734,6.625061794687243,0.0760296393568369,0.635,0.028
635,0.7191200662737572,5.422543680777681,0.0850724831494148,0.635,0.032
636,0.7182956793474274,5.595152305420645,0.0942850028864523,0.635,0.034
637,0.7132266857060346,4.488550872443419,0.0571691163643096,0.635,0.038
638,0.7191664343227141,4.223335008273724,0.0800567135323847,0.635,0.04
639,0.7093820377192098,3.5176212839805814,0.0574683244342054,0.635,0.046
640,0.7039159764965024,3.543284596432496,0.0677252892124272,0.635,0.048
641,0.7084842367006414,3.7693220745043337,0.0605068079002042,0.635,0.052
642,0.7086555350051214,3.6607070957950554,0.0650663892106923,0.635,0.054
643,0.6977860609148997,3.447097792648554,0.054383787966039,0.635,0.056
644,0.7265867896459486,6.72918619685081,0.0817859485563632,0.63,0.02
645,0.7288673282123803,6.756606889182152,0.0667744315700514,0.63,0.022
646,0.7180985266455138,7.560746437327034,0.0864770685251752,0.63,0.024
647,0.7348420813152949,6.738872541149947,0.079213786745971,0.63,0.026
648,0.7242980734264081,6.762307404673872,0.0769450044157547,0.63,0.028
649,0.7314204014818815,6.371296441724548,0.0914047417790251,0.63,0.03
650,0.7143358368478887,5.980803538416569,0.1040668080681525,0.63,0.032
651,0.7111266852801088,5.328770417903695,0.0885374439798625,0.63,0.034
652,0.7237697274785466,4.829524510005955,0.071213369838437,0.63,0.036
653,0.7153353666908491,4.50248637852494,0.0538910778941945,0.63,0.038
654,0.7157160507247121,4.454917630375312,0.0612830259103544,0.63,0.04
655,0.7189300180800756,3.948745202324846,0.074755224425353,0.63,0.042
656,0.7166516451387275,4.205388323548871,0.063757301687366,0.63,0.044
657,0.7137756270886819,3.741307311243209,0.0597313039015881,0.63,0.048
658,0.7142881526476095,3.965842547862177,0.0681966975596004,0.63,0.05
659,0.7119195647853942,3.5176679988603743,0.056196135158798,0.63,0.052
660,0.708895845894433,3.75145324296317,0.0590836643848261,0.63,0.054
661,0.7063404724978797,3.5706141315845734,0.0586821533314076,0.63,0.056
662,0.7013526291825252,3.4400061400089146,0.059251876669191,0.63,0.058
663,0.7237210941513778,6.965485642508107,0.0729727244373903,0.645,0.02
664,0.7117036305141065,3.941219116753128,0.0578612575671808,0.645,0.044
665,0.7073612747183997,3.364789542439826,0.052338574819667,0.645,0.052
666,0.703541361141301,3.4666854446885016,0.0539651620612091,0.645,0.054
667,0.7119046858536822,7.242658266298523,0.0780064943372415,0.64,0.02
668,0.7182999570620727,6.977883980882637,0.0590891706176967,0.64,0.022
669,0.717484860967252,6.930840695137116,0.0740268616332858,0.64,0.024
670,0.6995262982666921,6.664155642145022,0.0798539387117037,0.64,0.028
671,0.7024558021176672,5.695638725301171,0.082600479698301,0.64,0.03
672,0.7047735783114168,5.283170668294464,0.0731127448545366,0.64,0.032
673,0.7039984075504485,5.133066240435084,0.0646810242580672,0.64,0.034
674,0.7135264052246233,4.981697539912002,0.0815572947663908,0.64,0.036
675,0.7123828188176129,4.413645902138385,0.0504319536901376,0.64,0.038
676,0.7105609778526081,4.1992912349642415,0.0660232591142829,0.64,0.042
677,0.7164745930889406,4.031475526260075,0.0679673387676757,0.64,0.044
678,0.7122805069227961,3.7348397247669354,0.0643718782703993,0.64,0.046
679,0.7136817338759425,3.4290385097541147,0.0568424182009975,0.64,0.048
680,0.710312866927711,3.5817632879143058,0.0621094596122799,0.64,0.05
681,0.6995416909350123,3.5308860852005903,0.0510519606311146,0.64,0.056
682,0.6942044027651646,3.532021375175544,0.0555843339140358,0.64,0.058
683,0.7151799958323333,6.898201191131217,0.0662422167167368,0.655,0.02
684,0.714197582512617,6.9227423578146805,0.061851564487801,0.655,0.022
685,0.7029360672662495,6.684190277561384,0.0669598564682789,0.655,0.024
686,0.6983328914777549,6.549862302579537,0.0666867535624427,0.655,0.026
687,0.6987909705463037,6.868560932430952,0.069190640353715,0.655,0.028
688,0.6944925785323878,5.451509853135665,0.0660188475360066,0.655,0.03
689,0.7051652170867824,5.22754203792361,0.0547556785667798,0.655,0.032
690,0.7031914917438709,4.851167260190547,0.0599605503133665,0.655,0.034
691,0.7087935077894124,4.605846163504181,0.0612109325447666,0.655,0.036
692,0.7179850708585909,4.689012403390557,0.0705415764984176,0.655,0.038
693,0.7104759994379382,4.29194892377833,0.0565919263547733,0.655,0.04
694,0.71570510049522,3.6485676925229065,0.0555192464406003,0.655,0.042
695,0.7097726046414903,3.805516937801541,0.0644252384137304,0.655,0.044
696,0.7057160442101992,3.850155519658259,0.0602450763108398,0.655,0.046
697,0.702916416309205,3.5865922028648978,0.0592202233279875,0.655,0.048
698,0.7020529383050704,3.391287385830965,0.0541122181670852,0.655,0.054
699,0.6997878297397824,3.4965926591219816,0.0522796048002161,0.655,0.056
700,0.7008346763787094,3.563168485695005,0.0576425292544426,0.655,0.058
701,0.7018933073785516,6.961256505032114,0.0604371772457794,0.65,0.026
702,0.7072516530931798,5.166433552727419,0.0653492027115962,0.65,0.034
703,0.7067214108394868,4.516096223173578,0.0564402972918705,0.65,0.036
704,0.715278739760075,4.447338231356606,0.0585143412830862,0.65,0.038
705,0.7130862285770199,3.903799823965567,0.0550851250993264,0.65,0.04
706,0.7035598480600981,3.957988542304968,0.0595192590569159,0.65,0.042
707,0.705969000364114,3.9863620295191033,0.0572514167061078,0.65,0.044
708,0.7026187923866887,3.617844990664101,0.0583651480845216,0.65,0.046
709,0.7099167140223437,3.5677430072725667,0.0587834639872208,0.65,0.048
710,0.7042387375668825,3.5184432612308747,0.0700923175221718,0.65,0.05
711,0.7011272275972903,3.706887574109378,0.0597067127862504,0.65,0.052
712,0.6988482817151447,3.394455416839667,0.0565041163583643,0.65,0.056
713,0.7054337123954673,6.5841909523607205,0.0621493439200668,0.665,0.026
714,0.6985040545079944,4.381863235707331,0.0592552047956597,0.665,0.034
715,0.6985857022793538,4.280021195666762,0.0579799884455815,0.665,0.036
716,0.7078362105209683,4.57092339708,0.0586637911950781,0.665,0.038
717,0.7021625702611185,3.925834348016904,0.0543954884546531,0.665,0.04
718,0.7074561064669402,3.818590745352105,0.0578806835872542,0.665,0.042
719,0.6952601209088787,3.4118895699220566,0.0602799518829803,0.665,0.054
720,0.7188082130069537,6.885759556712364,0.0693174058248503,0.66,0.02
721,0.7205988213141088,6.729519618209117,0.0664888810920064,0.66,0.022
722,0.7140536449990879,6.291974535209586,0.0608240674507853,0.66,0.026
723,0.7003562493337714,6.196291189600061,0.0601843363457155,0.66,0.028
724,0.7017179826361404,5.84700333156751,0.0821164363335784,0.66,0.03
725,0.7001518971446705,5.361005139398603,0.0540162327884047,0.66,0.032
726,0.7037405277881563,4.622598550968595,0.0619322195733349,0.66,0.034
727,0.7018237294685361,4.162924094133583,0.053193833571792,0.66,0.036
728,0.7128982076941421,4.613322267128845,0.0625432299912345,0.66,0.038
729,0.7053574434140533,3.787386707857189,0.0583808650748905,0.66,0.042
730,0.7055724766630439,3.699361967444424,0.0525157505147701,0.66,0.044
731,0.7046051743800865,3.574028844923254,0.05535825468745,0.66,0.05
732,0.6977569218551246,3.861927657194226,0.0580115921439418,0.66,0.052
733,0.7208626114743214,6.588715403094968,0.0557880494224337,0.675,0.02
734,0.7112787098736963,6.88180055775066,0.0588809735016506,0.675,0.022
735,0.7090112048425413,6.8266446991393925,0.0641500808743434,0.675,0.024
736,0.6989789748300863,6.644174709747361,0.066977276932479,0.675,0.026
737,0.6967349578446052,6.258255810090482,0.0561262145273014,0.675,0.028
738,0.7035608297290217,5.349388877036306,0.0543337983238113,0.675,0.03
739,0.6977100350044957,4.845586291221624,0.0518249328410956,0.675,0.032
740,0.6931780019554549,4.399825785593861,0.0563753602640761,0.675,0.034
741,0.7037635956242253,4.449499985350461,0.0586375261393355,0.675,0.036
742,0.7098440328443361,4.1109899712216365,0.0610704939429386,0.675,0.038
743,0.6970321831461003,3.785239934805321,0.0614178813814064,0.675,0.04
744,0.7071716449575465,3.811463840869441,0.0552342891453745,0.675,0.042
745,0.7001404783547351,3.552327976746967,0.0513707228136149,0.675,0.044
746,0.6980279532938055,3.692688841054014,0.0593062955322659,0.675,0.046
747,0.7019895400191343,3.653183628229649,0.058222037379525,0.675,0.048
748,0.7005835323915084,3.43103300772505,0.0509052621902631,0.675,0.05
749,0.6983427838696736,3.517654764746721,0.0499948941822653,0.675,0.052
750,0.698434445356245,3.419031653336663,0.0620781305599733,0.675,0.054
751,0.6983655845606644,3.270523178094478,0.0643049742471143,0.675,0.056
752,0.696897040911151,6.929142076516063,0.0660435492831758,0.67,0.024
753,0.7091462339649064,5.981810208467385,0.0631547723993011,0.67,0.026
754,0.6985106941639905,6.376086794780877,0.0615781626781698,0.67,0.028
755,0.7019552515167038,3.578693393188412,0.0560761813653469,0.67,0.05
756,0.699128396851252,3.325898458204846,0.0557326660627517,0.67,0.054
757,0.7012443192536738,3.398752038204764,0.0530401080048211,0.67,0.056
758,0.6960187624472566,3.2790711110384025,0.0603646587453526,0.67,0.058
759,0.707217289160338,6.968842284453675,0.0625479240158288,0.685,0.024
760,0.7034720808663462,5.86062336933474,0.0604574502865967,0.685,0.026
761,0.7036709063601335,5.944819296837355,0.0632680911671609,0.685,0.028
762,0.7046616282918848,5.43599023291444,0.0664590717662115,0.685,0.03
763,0.6991087200849049,4.765913130746767,0.0576659911558204,0.685,0.032
764,0.6948446119688159,4.747386531020122,0.0569881191105248,0.685,0.034
765,0.7083740126081051,4.20945113887626,0.0692430696574793,0.685,0.038
766,0.7012540794093896,3.758222400281464,0.0602169277069219,0.685,0.04
767,0.7005835380321476,3.5241210132792,0.0506669022536445,0.685,0.044
768,0.6931454945967233,3.5430175713159886,0.0538997551316193,0.685,0.046
769,0.6999566571965321,3.4907550325827823,0.0558875883178352,0.685,0.048
770,0.6985730587720074,3.5841205075552627,0.0512774141338012,0.685,0.05
771,0.6903366655854191,3.324697643080086,0.0521614815344834,0.685,0.056
772,0.6976272463695581,3.190692840696859,0.0502626473027838,0.685,0.058
773,0.71152954261573,6.55362668151624,0.0644042749656252,0.68,0.02
774,0.7139749007650398,6.8321818418777625,0.0635104314097819,0.68,0.022
775,0.7007049374977634,6.486699816569329,0.0580652601781627,0.68,0.024
776,0.7012215333149316,6.21474584127716,0.0663774846412886,0.68,0.026
777,0.6944099783463518,6.11677124174598,0.0620992449981888,0.68,0.028
778,0.7008750355803215,5.520998815264146,0.0542062806664459,0.68,0.03
779,0.7038120858668453,4.579396006487694,0.0581926304792949,0.68,0.032
780,0.7054773029311054,4.649972639424855,0.0589701393268256,0.68,0.034
781,0.6952979581141245,4.425925626431108,0.051042566115393,0.68,0.036
782,0.7015583697226302,4.155224990191265,0.0593158965961073,0.68,0.038
783,0.7037167554993105,3.796434483883645,0.0585472083413642,0.68,0.04
784,0.726487882581611,6.43574513962569,0.0578841788846329,0.695,0.02
785,0.7131036845326113,6.738829947228382,0.0611613591273799,0.695,0.022
786,0.708287629322415,6.254041878447013,0.0577169550985104,0.695,0.024
787,0.7074117535461076,6.010731785025122,0.0577974256176774,0.695,0.026
788,0.714377105129353,5.763128498905892,0.0578652555782498,0.695,0.028
789,0.7001144977526281,5.063189021100305,0.0570549695971516,0.695,0.03
790,0.6968344536185052,4.779597010195215,0.0544723349619868,0.695,0.032
791,0.7006553735857423,4.608817458371801,0.0494943111417936,0.695,0.034
792,0.699867849390428,4.41979173332764,0.0594127796020189,0.695,0.036
793,0.7006564984062817,3.9117595253883697,0.0482794156125092,0.695,0.038
794,0.7002385431084727,3.827547023383296,0.0513075173545541,0.695,0.04
795,0.7037517051442177,3.605471609942216,0.054525745804079,0.695,0.042
796,0.6983985744387952,3.726524072652686,0.0543371808887697,0.695,0.044
797,0.6986333513124747,3.369608170235043,0.0551490106441345,0.695,0.05
798,0.6994802413267664,3.375072373555273,0.0471859821442134,0.695,0.052
799,0.699338184813267,3.347320059874141,0.0563617375672901,0.695,0.058
800,0.7199083480734865,6.471817604386917,0.0650720883849691,0.69,0.02
801,0.7122621758483043,6.477168578437051,0.0594881772641854,0.69,0.022
802,0.7116928018981977,6.386978393211938,0.0604138757600684,0.69,0.024
803,0.7117821734554121,6.017586726697328,0.0541370305096969,0.69,0.026
804,0.7059857296206882,5.88400557941378,0.0595423914652565,0.69,0.028
805,0.7001536504210084,5.160221595096197,0.053907381025755,0.69,0.03
806,0.7005758502237612,5.063658542992009,0.0525520317860393,0.69,0.032
807,0.6960141397071722,4.544238775977116,0.0587920823472797,0.69,0.034
808,0.7038672766203011,4.224562821735818,0.0545872723889971,0.69,0.036
809,0.7048646767640949,4.080971862849834,0.054550465649605,0.69,0.038
810,0.6983122518602973,3.928238276111071,0.0607164955772162,0.69,0.04
811,0.6967317264340025,3.860760336675528,0.060106724178622,0.69,0.044
812,0.6989817072798531,3.592739861000736,0.0576931187256453,0.69,0.046
813,0.7024896840000792,3.586731906238438,0.0607529219144947,0.69,0.048
814,0.7029506557315677,3.428605800119155,0.0536508536697197,0.69,0.052
815,0.8264740423113007,4.640323886929869,0.4126909538714346,0.6,0.02
816,0.8395774754505817,5.179474889730029,0.4113254419814855,0.6,0.022
817,0.8333865828441984,5.932251062632416,0.4080102730226084,0.6,0.024
818,0.8738477050100839,6.128802043405063,0.3889529763403304,0.6,0.026
819,0.8722501667912496,5.99904061521679,0.3660324316096955,0.6,0.028
820,0.9356850330112528,5.363378305685154,0.2850618729688089,0.6,0.03
821,0.8065080131391358,5.059587872384997,0.7321296410424278,0.6,0.032
822,0.7538649887219748,6.196782974913718,0.1275940579594902,0.6,0.034
823,0.7522430965377636,5.4574120453001305,0.0985040372528542,0.6,0.036
824,0.7486450765587896,5.017319186929952,0.1244495541584959,0.6,0.038
825,0.7431156857593378,5.027414707405501,0.119335193933314,0.6,0.04
826,0.7359680322717637,4.536349525959555,0.1031049071986165,0.6,0.042
827,0.7383939964259267,3.9189613228312887,0.0695939465385607,0.6,0.044
828,0.7232032185602555,3.7635992326812575,0.0657141038601784,0.6,0.046
829,0.7309999857892928,3.884643292787544,0.0716934911655347,0.6,0.048
830,0.718015918696717,3.631205667303268,0.054694954724856,0.6,0.052
831,0.7222367946079093,3.626980005601083,0.0600658340852555,0.6,0.054
832,0.7092974228284727,3.547956514234998,0.0490597055728759,0.6,0.056
833,0.7083882278948379,3.525795397296809,0.0615749353475956,0.6,0.058
834,0.7357803539038154,6.439431165091488,0.0609593636024365,0.705,0.02
835,0.7185690414136533,6.156508849054366,0.0617062261122274,0.705,0.022
836,0.7245521974468976,6.540349211136464,0.0580054149723874,0.705,0.024
837,0.7165488264447382,5.991032069211776,0.060491382945377,0.705,0.026
838,0.7130607566834943,5.721137749774296,0.0550575342200379,0.705,0.028
839,0.6956002827832126,4.996460190313022,0.0543510857825475,0.705,0.03
840,0.7019098675335667,4.946923602019553,0.0598798266528422,0.705,0.032
841,0.6946970928826095,4.622522787537628,0.0562877063325693,0.705,0.034
842,0.7036754712869191,4.032368369606863,0.054847306755521,0.705,0.038
843,0.6962319976956961,3.6176966204868406,0.0479316687177388,0.705,0.044
844,0.7004878250530968,3.6372816786686855,0.0566733518054224,0.705,0.046
845,0.7025830268520954,3.583415647445593,0.0606066988032079,0.705,0.048
846,0.7470028944091855,6.345948371140023,0.0609336508864701,0.715,0.02
847,0.7307395140486701,6.758849691438161,0.0579539139031036,0.715,0.022
848,0.7198935869785819,6.340360847912025,0.0642498316672249,0.715,0.024
849,0.7159185143211926,6.232628662206421,0.056056875980257,0.715,0.026
850,0.7091098499690065,5.34866617988773,0.0606238674963322,0.715,0.028
851,0.7035379814404451,5.1038326246078425,0.0561009020129811,0.715,0.03
852,0.7008975769335393,4.826990518938207,0.0553206664457824,0.715,0.032
853,0.7053988580638493,4.611027825672704,0.0537095614883857,0.715,0.034
854,0.6992850167675132,4.045043197729567,0.0594191696532157,0.715,0.036
855,0.6998132227829772,4.030845739716352,0.0623966694446152,0.715,0.038
856,0.7015964852871657,3.898539958281117,0.0541822579857933,0.715,0.04
857,0.6993420899419196,3.706109028627397,0.057319622960744,0.715,0.042
858,0.6971780292642569,3.693580444483259,0.0566162689138566,0.715,0.048
859,0.6979335867013046,3.46232200870227,0.0458438577794767,0.715,0.05
860,0.702727942610625,3.482238546048768,0.0478340275365463,0.715,0.052
861,0.6967975663304389,3.230991967880128,0.0505641090626399,0.715,0.058
862,0.7349771519917037,6.113941908539775,0.056816884737347,0.71,0.02
863,0.717598395497899,6.14958037724818,0.057162703881936,0.71,0.022
864,0.7216622699093418,6.383450485619267,0.0638861378829911,0.71,0.024
865,0.7155923627181274,6.040476990076252,0.0549887711088783,0.71,0.026
866,0.6964546274442873,5.588563287456844,0.064642286603131,0.71,0.028
867,0.6981155242884072,5.079046697816035,0.0564206528689697,0.71,0.03
868,0.7007659332848015,4.962608292355729,0.0574437978793221,0.71,0.032
869,0.6928725525429047,4.424141939788901,0.0528113048397638,0.71,0.034
870,0.7082185322996666,4.319225573947726,0.0566594468064573,0.71,0.036
871,0.6992484361625535,4.033069194079798,0.0553446118445015,0.71,0.038
872,0.6979760390980884,3.7934862509222023,0.0538782911264492,0.71,0.042
873,0.7002401831155698,3.552043833488791,0.0571634602745388,0.71,0.046
874,0.6974730036974465,3.3815589781116056,0.0508058548685918,0.71,0.048
875,0.702212936977243,3.55185547121715,0.0553527882001242,0.71,0.052
876,0.7556338708053376,5.908100035922241,0.0589700482051487,0.725,0.02
877,0.7381701013468214,6.413452833378177,0.0572304780934983,0.725,0.022
878,0.7398258544359724,6.235912453811666,0.0635004772619587,0.725,0.024
879,0.7230017921517036,6.166152182879672,0.0590221513507989,0.725,0.026
880,0.7047858556777138,5.262260273878753,0.0580028242327871,0.725,0.028
881,0.7027658084890369,4.866356448634866,0.0548176568654142,0.725,0.03
882,0.6994295499585711,4.834536692323109,0.0533127548175535,0.725,0.032
883,0.6955978837292582,4.322164244225658,0.0561311866476188,0.725,0.034
884,0.6993677837583123,3.981568459636512,0.0433250107305811,0.725,0.038
885,0.7026412753905718,3.930557958222965,0.0567555081047617,0.725,0.04
886,0.6996726250779216,3.8295531561401615,0.0492631718063131,0.725,0.042
887,0.6963282135119586,3.4082664060480465,0.0526948990019001,0.725,0.046
888,0.6944466530618987,3.3951978517556625,0.0546396129034739,0.725,0.05
889,0.6996645534568184,3.446820853317583,0.0515436659245136,0.725,0.052
890,0.706079206318517,3.284172440289095,0.0602590228826469,0.725,0.056
891,0.7353114881607887,6.483004590598573,0.0623078963107068,0.72,0.022
892,0.7287737225015709,6.291777729902821,0.0551601870543683,0.72,0.024
893,0.6957760924529299,5.063782232845889,0.0549613522558202,0.72,0.03
894,0.7034037312473145,4.994329715410526,0.0549819538619787,0.72,0.032
895,0.7009773226242937,4.481788222885403,0.0547758466877738,0.72,0.036
896,0.6975906980193449,3.659097004264696,0.0495181613948735,0.72,0.04
897,0.7529577698549125,6.043173528131568,0.0578789159529227,0.735,0.02
898,0.7461334775196503,6.493838439774649,0.0602598800957158,0.735,0.022
899,0.7377985960443953,6.295127560807504,0.0628831558613995,0.735,0.024
900,0.723775982012517,6.096337276269677,0.0660943412550708,0.735,0.026
901,0.7043164642005846,5.008011207065227,0.0526069711350923,0.735,0.03
902,0.7030143794773824,5.062120184429983,0.0625287497171317,0.735,0.032
903,0.7037966356099511,4.569341244392044,0.0527533434187175,0.735,0.034
904,0.704943448616254,4.238879494353916,0.057706810970952,0.735,0.036
905,0.7035541243032721,4.13478065369069,0.0577597088393475,0.735,0.038
906,0.6961200923653422,3.5455798092759805,0.0629551110726608,0.735,0.042
907,0.7012814855937223,3.583877536341087,0.0630439240416605,0.735,0.044
908,0.6972520947322085,3.312084295369434,0.0519659855692545,0.735,0.048
909,0.6968986100258734,3.3229763289174423,0.0558538454638834,0.735,0.052
910,0.6967561601931531,3.429352543637412,0.0501995880392859,0.735,0.056
911,0.7487641591285887,6.241684417099202,0.0586671845784469,0.73,0.02
912,0.7374581251796484,6.161142563544356,0.0592112511976045,0.73,0.022
913,0.7390753415387034,6.141593175832609,0.0624016657935195,0.73,0.024
914,0.7221048291649576,6.199856377427724,0.0580836069288834,0.73,0.026
915,0.7086272784150955,5.523005521353631,0.0578218232501615,0.73,0.028
916,0.7076102126996464,5.137528523975842,0.0634871801639321,0.73,0.03
917,0.7030869273816498,4.593643281159601,0.0593362207871024,0.73,0.032
918,0.6952340905520296,4.404231016036895,0.0559355339311164,0.73,0.034
919,0.7055113309806479,4.296513063366541,0.0543019528423728,0.73,0.036
920,0.7020262928197465,3.8266676560387434,0.0513089912220236,0.73,0.038
921,0.6960113970747255,3.5351349502000176,0.0560328355201932,0.73,0.044
922,0.701437922628648,3.5120070987335423,0.0479442233213011,0.73,0.046
923,0.6990936368514422,3.428516946020904,0.0568229830141002,0.73,0.048
924,0.6926158750811123,3.215444637437336,0.0500344970894357,0.73,0.058
925,0.7542876410356254,5.97634092124892,0.0558090779000171,0.745,0.02
926,0.7449984415068965,6.17471952182351,0.0573580769777826,0.745,0.022
927,0.7405755093179406,6.050938051520801,0.0611004839026839,0.745,0.024
928,0.7028164192311264,5.254366547694604,0.0554406537037767,0.745,0.03
929,0.7487334179641096,6.006875254849547,0.0629265148925865,0.74,0.02
930,0.7428180562587446,6.344571322289644,0.0576353690536616,0.74,0.022
931,0.7294610605347697,5.987544338937732,0.0644754279113199,0.74,0.024
932,0.7284979203964163,5.89144784626471,0.0586998542454623,0.74,0.026
933,0.7136850082595074,5.486541727423026,0.0640467255939478,0.74,0.028
934,0.708035739877943,5.04235045486299,0.0545906814496238,0.74,0.03
935,0.699610343595009,4.681351274884255,0.054504524813088,0.74,0.032
936,0.702254330744662,4.494406496846159,0.0552578166581964,0.74,0.034
937,0.6998747000919169,4.264947104337311,0.0590122633324167,0.74,0.036
938,0.701821578385491,3.722470117500676,0.0501477928476393,0.74,0.042
939,0.7396830287354783,6.367832544119927,0.0592314237764056,0.7,0.02
940,0.7155566392420823,6.314049730441626,0.0627194804181208,0.7,0.024
941,0.702703216881077,6.123574989963834,0.0605659833030844,0.7,0.026
942,0.7028826129713182,5.387545983938463,0.0577203024690905,0.7,0.028
943,0.6925883084999227,5.022355111088917,0.0623704618543502,0.7,0.03
944,0.7010310691819146,4.845078531803995,0.0574275263637186,0.7,0.032
945,0.6978476745461275,4.466788019861368,0.0578796671784711,0.7,0.036
946,0.699977828745288,4.129688806977931,0.0527175950015961,0.7,0.038
947,0.7033561885214743,3.788023180775508,0.0525451548099838,0.7,0.04
948,0.6967936438334226,3.805607623942692,0.051606822054459,0.7,0.042
949,0.6941496250871809,3.621558937363351,0.0525558213022709,0.7,0.044
950,0.6971980700620445,3.738108549894189,0.0622236388906649,0.7,0.046
951,0.695586728901219,3.4328835397351063,0.0450973777674883,0.7,0.05
952,0.6977011139666882,3.3824581191970817,0.0650482563308515,0.7,0.056
953,0.6416174120782252,7.110993813674707,0.07551766643699886,0.455,0.02
954,0.5466412544796659,8.855914701093031,0.05602276123501631,0.455,0.024
955,0.5068922191540992,8.502381485448419,0.060488553165809686,0.455,0.026
956,0.6162017943609123,5.376749475452727,0.056031095699309086,0.455,0.034
957,0.66733656762198,3.8673701957592725,0.04887570279646704,0.455,0.044
958,0.6766351555903014,3.7039861855787413,0.047336364824227546,0.455,0.048
959,0.6784854088389867,3.4251737031061893,0.04950538898936106,0.455,0.05
960,0.690450134119586,3.391197775285136,0.0533377230176736,0.455,0.054
961,0.6916967326384553,3.245622077874123,0.05704650832553323,0.455,0.056
962,0.6115197711442015,5.287911272245749,0.056584919740389296,0.45,0.034
963,0.6433818262122556,4.523553759580405,0.05358230107328818,0.45,0.038
964,0.6879734196613064,3.079115895749711,0.056792525303473305,0.45,0.058
965,0.5472321997446947,8.813711326108326,0.05864215959929519,0.465,0.024
966,0.5028842104008482,8.47832546486204,0.057159240810357254,0.465,0.026
967,0.5245972360337248,7.621156497013004,0.057811792743065984,0.465,0.028
968,0.5868817871441971,6.608372768367084,0.052095371948091135,0.465,0.032
969,0.6161859277377559,5.413354784280841,0.05409230724174488,0.465,0.034
970,0.6320034462058441,5.041677100829969,0.05897876287175566,0.465,0.036
971,0.6472320429609502,4.91056825940756,0.05259176604627596,0.465,0.038
972,0.6544531091243471,4.1494100242475165,0.056122369112898925,0.465,0.04
973,0.6618703332561728,3.9246465757037066,0.057263067968491274,0.465,0.042
974,0.6384581584063667,6.962250124238822,0.0713614993231909,0.46,0.02
975,0.5053743204028229,8.382586229586064,0.060068709182365544,0.46,0.026
976,0.6713077942412928,3.8794398926883296,0.057091771675243375,0.46,0.044
977,0.544066413930327,8.940005074522448,0.05872566510017032,0.475,0.024
978,0.5106333401708358,8.615666521507672,0.05685990515030985,0.475,0.026
979,0.5584995825906951,7.193398615211419,0.052538038472790094,0.475,0.03
980,0.588007229321514,6.331614774427876,0.04803315430189013,0.475,0.032
981,0.6681846004127626,4.132011802302747,0.05794305894538044,0.475,0.042
982,0.6919790657379716,3.6832984611561685,0.06358758519217678,0.475,0.05
983,0.7155118255706141,3.528932546583356,0.0737836763783019,0.475,0.054
984,0.5419351283470649,8.86144601841553,0.05601533497790941,0.47,0.024
985,0.5535134745541856,6.989307925982843,0.053262569042854695,0.47,0.03
986,0.5906183727831902,8.275705826614496,0.05889038756118723,0.485,0.022
987,0.5234724744358171,7.9226810130430625,0.059971276501022734,0.485,0.028
988,0.5568634174971427,7.374968503254979,0.04887395596978175,0.485,0.03
989,0.5881427973291298,6.283137770634156,0.04901333753034951,0.485,0.032
990,0.6419585048677416,7.107224401615558,0.07238366364932008,0.48,0.02
991,0.5483457689925503,8.918937865873579,0.060211184247166157,0.48,0.024
992,0.5085741567231841,8.157592287367532,0.05354855577234724,0.53,0.026
993,0.7523610826548842,4.043046986911345,0.12368496583040185,0.53,0.054
994,0.7475916213914862,3.8071099172218887,0.07924884449019648,0.53,0.056
995,0.5143810519672042,8.369642590767192,0.05066187093394536,0.545,0.026
996,0.7496148935413178,3.9407043420858234,0.10891721086801001,0.545,0.054
997,0.7622023652716804,4.075323446219404,0.1376803386156527,0.54,0.052
998,0.8042937102963688,5.252569441948497,0.2083573262115866,0.555,0.04
999,0.7213906370959366,3.678588470089141,0.09312707870351286,0.555,0.058
1000,0.5223818319014435,8.60163694741873,0.05920077695133672,0.55,0.026
1001,0.7857906504127501,4.4578916621188815,0.1501841446161339,0.55,0.048
1002,0.7443744343377292,3.913865389110048,0.10332297824076625,0.565,0.05
1003,0.5224573747599163,9.415638049578307,0.06319297496083807,0.57,0.026
1004,0.6265583213297494,5.933001683426387,0.1214120595365981,0.57,0.032
1005,0.6645440488528407,5.848587081065631,0.09409352842683365,0.57,0.034
1006,0.733073976685191,5.741353538677584,0.3140140110233698,0.57,0.036
1007,0.899634333389306,4.742686473220494,0.23562031321935847,0.57,0.038
1008,0.8709673638780371,4.962715236315265,0.2631724457697673,0.57,0.04
1009,0.8065729581919524,5.121331181663991,0.29839509866788766,0.57,0.042
1010,0.716577699190766,5.877037115082269,0.09950145012910623,0.635,0.03
1011,0.71422910778701,3.9456617786046304,0.0636517347937641,0.635,0.042
1012,0.7163068400133032,3.8356640333269443,0.07500450583191508,0.635,0.044
1013,0.7097354557508869,6.42565564236968,0.06633674811478468,0.645,0.022
1014,0.7151698963608868,6.691870656082201,0.062227147217085645,0.645,0.024
1015,0.7076358484950329,6.737951594086557,0.059770047847215596,0.645,0.026
1016,0.7007204099458435,6.383687125144224,0.060732677463400386,0.645,0.028
1017,0.7040124068392375,6.056471403876141,0.07092707881851017,0.645,0.03
1018,0.7111970889106385,5.580687783136855,0.0817563158492109,0.645,0.032
1019,0.7128529714932503,5.111897103955682,0.06786882195229732,0.645,0.034
1020,0.7149561722226796,4.575884262308428,0.07034883891201328,0.645,0.036
1021,0.7169765674252835,4.768801746513173,0.0632236575518566,0.645,0.038
1022,0.7134175522243362,4.389822698436036,0.06038865321534755,0.645,0.04
1023,0.7101726673942274,3.8167525772445803,0.06259254534139011,0.645,0.042
1024,0.7124940870034817,3.901316552070854,0.06139772060297859,0.645,0.048
1025,0.7109063272882064,3.9747389708625778,0.06130653893900497,0.64,0.04
1026,0.7039619616651747,3.5413175744005967,0.056435633246610224,0.64,0.052
1027,0.7056377675150731,3.418005523782548,0.05590440586828438,0.64,0.054
1028,0.7145856656387224,7.009459662707044,0.07423131254995896,0.65,0.02
1029,0.718703196921122,6.760956959619208,0.0691275518099675,0.65,0.022
1030,0.7101311613956052,7.568197729894242,0.0797365224687764,0.65,0.024
1031,0.7061273182829533,6.354249865400337,0.05746098567855701,0.65,0.028
1032,0.6989293669501084,5.999883979104113,0.07519041410654902,0.65,0.03
1033,0.6961088425168063,5.111954435222782,0.05798609010637431,0.65,0.032
1034,0.717738413512409,6.76415054953278,0.056673668530258535,0.665,0.02
1035,0.7031810725157476,6.67931238879554,0.058301912455206197,0.665,0.022
1036,0.7089382977401658,6.750927340156685,0.056432491678714926,0.665,0.024
1037,0.6898554589841193,5.986233986255819,0.059364967226451584,0.665,0.028
1038,0.6937835359030189,5.48114829294704,0.06187285879088926,0.665,0.03
1039,0.6973651244887076,5.197028609971248,0.05777660212101172,0.665,0.032
1040,0.704891493245372,3.8796979512476697,0.05629859805618155,0.665,0.044
1041,0.6973192981688443,3.59923924757609,0.056094936689533394,0.665,0.046
1042,0.7042300632837679,3.800580065665807,0.05668481466523973,0.665,0.048
1043,0.7014610430127519,3.7622130981635955,0.057531809501473484,0.665,0.05
1044,0.7074767939988003,3.62751430120805,0.05707617482643999,0.665,0.052
1045,0.7007745836840382,3.3302267500764136,0.058140690497754825,0.665,0.056
1046,0.6946717675576157,3.420832098479041,0.046718533523375676,0.665,0.058
1047,0.7057317628273867,3.6800144543618316,0.06424619401171491,0.66,0.046
1048,0.7073078017603098,3.8038741642740197,0.05881938362199886,0.66,0.048
1049,0.6952513431192835,3.4416753053652607,0.05452514318769242,0.66,0.058
1050,0.7219309986408913,7.063977510118598,0.05912146926275916,0.67,0.02
1051,0.7128345576259867,6.881339604224306,0.05433442837489393,0.67,0.022
1052,0.6989828224322266,5.550567481978451,0.0686574831775479,0.67,0.03
1053,0.6935090867329612,4.884201176089979,0.057306671743161425,0.67,0.032
1054,0.699974003375875,4.915976733675718,0.06098418685734759,0.67,0.034
1055,0.7043730865828111,4.412973420584618,0.06925791831421138,0.67,0.036
1056,0.7056204896750526,4.436916031472145,0.058579399913163833,0.67,0.038
1057,0.7043847964702712,3.8965359110240416,0.05590667702481744,0.67,0.04
1058,0.6999088304152075,3.655770032948625,0.052881635703037784,0.67,0.044
1059,0.7070561521731349,3.832976476630087,0.05361286700381319,0.67,0.046
1060,0.6969590723645964,3.46353008258621,0.056340875239524954,0.67,0.052
1061,0.72528723137807,6.621777969981738,0.06004903374921171,0.685,0.02
1062,0.7079935343109274,6.704815650898766,0.05578399395461642,0.685,0.022
1063,0.7000105547926538,3.68303896610138,0.05622999230347543,0.68,0.044
1064,0.7067579173879084,3.751679207479415,0.057473619234107674,0.68,0.046
1065,0.7010934890206484,3.49708518332777,0.05346771024868113,0.68,0.05
1066,0.6914909458561197,3.454155990643605,0.056569482835941744,0.68,0.056
1067,0.7138658080706186,5.997626490056251,0.056425728507991206,0.72,0.026
1068,0.7113297555065676,5.4553920274709595,0.05446973435039894,0.72,0.028
1069,0.7001841505665288,4.4924636707083625,0.05772682391892572,0.72,0.034
1070,0.71207183917972,5.472854027580968,0.05519642487601765,0.735,0.028
1071,0.7303912568155013,6.108427486822138,0.05409124346427191,0.745,0.026
1072,0.7145778883528808,5.655129935289211,0.05937858981246761,0.745,0.028
1073,0.7027968993316068,4.809334970752084,0.05182211538658738,0.745,0.032
1074,0.7028955922328348,4.452920760263127,0.06028566336394183,0.745,0.034
1075,0.7005204339283198,3.779807190385617,0.06175841333100376,0.745,0.04
1076,0.7003991295487664,3.2636376807928342,0.05884598847262242,0.74,0.052
